1.572275749949692;0.6397341902072579
1.61861113222772;0.6485725423023262
1.119968650024358;0.29238774078715596
0.4947796699812718;0.18829455693998157
0.6931015059735787;0.20466347602138515
1.1941474339416256;0.3091342265272949
1.4584580692490836;0.46967118310818184
0.1137350633618408;0.03161808599643771
0.909749096374035;0.15954324067983958
3.042307338713697;2.2776710343701523
0.8828967762921683;0.22707099861694352
0.6801394578337092;0.360952154582393
0.2726149198750552;0.06419256546919651
0.6815167418566755;0.2982710588861452
2.904742726026658;1.1930408407071522
0.7221032289957873;0.1329280056040019
0.5019689292741008;0.14116732640173044
0.267599954201657;0.05396425216076925
1.3791197511296343;0.45432711348118254
0.8411877614890025;0.35763059142238146
1.264844908992096;0.17492651084604782
0.4734390668100392;0.25057776840342294
0.6435690511863056;0.28724420682610396
0.9493618155836877;0.30285013639033104
0.1735540377548966;0.06586754875484582
0.7072103286243161;0.09839242393135086
0.4298349875084756;0.24448762241387315
1.8614424419299922;0.6157520908463909
1.0047564250076977;0.3673453938812215
0.6356287496978558;0.2183060708215452
1.2286448235026362;0.4367091957815574
0.8319729438640753;0.371485384205282
0.7637543239058353;0.17511757397572159
1.25180697625134;0.21465381014198306
1.039644683338795;0.16886004976126667
1.1391782461320126;0.26880884944434047
1.7539036968633297;0.30294505133629107
0.6455088173429192;0.16946363247772628
0.9834384409818064;0.39923236942822005
2.6801175401443125;1.1398886643048924
0.6881351192604835;0.24606731526222816
0.08495894169959499;0.025331092066565922
0.8559542122849184;0.1848794755285301
1.5187529273605287;0.470045101701769
1.823580979816576;0.6613280699102488
1.7074566320322684;0.5714555098422122
1.1970155965180944;0.5562516567997157
1.0667243107725093;0.353384870653672
2.236356513915164;0.750601044942798
0.5554021225461669;0.20575416951112444
0.388151196281227;0.17275704566081376
0.3256246210340276;0.13441656213594286
1.114404705182913;0.18647233324593618
1.1530472455584517;0.23299625213737912
0.4545591228245872;0.22110228369906523
0.6323124076134617;0.34816400327728897
0.6216759769789532;0.36972499191597097
1.4174038782604195;0.5874190377339853
1.8176874669431988;1.0121283676083883
1.0937363515586018;0.17404040128452375
0.9821863519578455;0.26662704669207415
0.6268310877306845;0.3539182044687261
0.7234769582255695;0.17612195466970468
0.4154307094775412;0.11235139350709736
1.8375648047294457;0.5231674516057293
0.4844650031660329;0.2310108930490852
0.10063748516921481;0.02248907687781145
1.092207053422772;0.47139358338180676
1.8624793012228924;0.706135934871101
1.0072424089410448;0.3484281699728596
1.599108816982104;0.2678413699376792
0.3318071882654262;0.14307659422628097
0.22333289970440479;0.0657924304887901
0.7822394721545239;0.2782819580989959
0.4405142821039184;0.08457043964926052
1.9995147934719077;0.8553103148489393
0.9694477772700928;0.420148653628777
0.3255125688274874;0.14678182971788492
0.6217080582560447;0.2929459033669854
0.5223199476619363;0.28071458863841037
0.5364773455293761;0.17472263658082227
1.3350978639718647;0.4973091449166913
1.0910307017504839;0.34438696235172683
0.21242010577207857;0.04957919587668663
1.3701448499639555;0.4133038326912173
0.5997780536670692;0.08088969241715734
0.9581743543238737;0.052523125535597556
1.421365102927091;0.4614511525406215
0.8898815439274568;0.22953577014767226
1.1060662080343948;0.20910264810474838
1.327865121193605;0.6955048654880068
0.8550187755058845;0.47388845051596024
0.5048297733911264;0.17868327257430683
2.143509652471542;1.102464691389853
1.85494500204372;0.8734528100550274
0.7049022711992172;0.28999871389056986
1.4794626787235874;0.396404319179338
0.9426477531816214;0.12531946146404965
2.0282535720355535;1.3071242173278832
1.242384346364306;0.594708641192416
1.2486156767449252;0.601649676960614
0.11509237757595481;0.01811995099093495
0.645921907081208;0.21863684948465412
0.8161234898341798;0.3389657023075955
2.1847299513618;0.8082386860468084
0.9665174276643222;0.3203679697178608
0.42217335215744906;0.05616752378503506
0.3889604934488108;0.17377793454883014
0.6183086843433951;0.17072507392161076
0.171132092837654;0.1318877810906098
0.672298513344051;0.3656582160370239
1.0587298234988118;0.43900987099856054
0.6206716184319021;0.2663437704792886
1.203061560309443;0.23054252992844085
1.2137725642183532;0.46776098421181916
0.8247046165128129;0.3124075055155608
0.5493753440454833;0.37318135183166345
0.7406125510691484;0.1879229501653492
1.0756530906788384;0.47792528130772294
0.4979824915735246;0.09352246834972112
0.888886142295017;0.3568713073866913
0.6238447925533408;0.27034051639382384
1.105030816647672;0.2984741969735044
1.332622452531177;0.39071767685861397
0.6068366032948236;0.43485561385545213
0.9809328170772854;0.07398106771884483
0.8775932801486437;0.1652738474107259
0.2723594968375236;0.0804672261384162
0.46080280137940954;0.10868372574074109
1.1065951148269686;0.2264308721024848
1.3227674841542771;0.4773549610763133
0.4235835527592954;0.15725037943297032
0.9278720651006838;0.3512374735215406
2.907895323363146;1.1699394695294063
0.7451371255010415;0.19855954824698213
1.0377806504655807;0.12167039705382575
0.411101551725375;0.08426406214388614
1.868453358270068;0.9941683026375836
0.8588317371462966;0.5766839908219
0.39868132165120884;0.12542626426090034
1.0909073477363167;0.3784056535715568
0.42587914518070547;0.20983338080522748
0.4920047134719214;0.15277080847273403
0.7445207426696205;0.4820245281463164
0.7484504135736103;0.33463076131983516
1.0895105219011847;0.30232155508101966
0.9437808952667389;0.5444926388203201
0.7323501790467484;0.12289569256160163
1.2791215269079617;0.5509750297433128
0.370271188720377;0.11000560350999807
1.57218574995357;0.640940229384088
2.2876524178486597;1.4372804330092206
1.1102021761980416;0.2110801316209834
0.7014018091818309;0.16065194078022882
1.4456596775017918;0.28683342351514585
0.41198870426410406;0.08310739773801469
1.2485870354688124;0.5789082939975988
0.8491269423769676;0.42002044679937245
1.0697379395815363;0.48838768475449157
1.2626376229281373;0.6149619753825276
0.2197883983021524;0.09167788158424282
0.9920026817511955;0.5349931078046122
1.1378155281425555;0.2754278089040347
1.426380262758374;0.13322228046894863
0.6716011928408416;0.26676752758677275
0.8535796709512515;0.46867262490863704
2.679719236240408;0.9146612864460419
1.2228184559719657;0.2885339628784355
2.992345479247922;1.2564501338391878
0.33585515427991297;0.10457445837113331
0.6365687806495015;0.2762486515847757
1.4098161388713495;0.58092495778532
1.2942340106061532;0.4021003926761391
1.2436550165962834;0.2732281678284564
0.8619598128956149;0.2723934891897312
1.2604080439778667;0.28738043892354637
0.6316372110604569;0.143892875444783
0.47822869197879625;0.2477574300969598
1.7846049271584126;1.0113808253877046
1.1916017144296958;0.3858337571651893
0.1716703012549268;0.08939150780159548
0.5476951770282308;0.1710131487927612
1.862300479336;0.1656028643016342
1.1325364229347465;0.32714527770727936
0.3804362627470718;0.17032161338785196
0.42608929893325;0.09870889187186482
1.421205257048252;0.7982485761580819
0.7838417457413774;0.19662556200329426
0.9218446670380669;0.16771125738445816
0.4131566103550674;0.11667224742804601
0.5458526711067465;0.2003395054541917
0.5276932892238234;0.17653646792700448
1.873732400975434;0.498562960452177
0.9489688826191569;0.08967599355764466
0.7753330923903272;0.19149741994202604
1.5584524608817634;0.41360054058424417
1.1709748459790794;0.20978948039468953
0.9069533846729632;0.3013331910531211
1.6097513923701299;0.39442908204444826
1.0699023639146765;0.6028620917670847
2.414307545796027;1.4001328559505917
0.7087514321246768;0.18655061903199216
1.315342285060168;0.1509027406401059
1.2482142164418133;0.5619700044242114
0.29067145743834755;0.16349499634749323
0.29747322039334445;0.20294841992194176
0.5789702896850157;0.29041799128506074
1.3618774523639918;0.28364699670991805
0.9722514212764525;0.3373474615673229
0.5230814910441398;0.22656143036059712
1.3054287596007348;0.5194982017363377
0.5197198027111433;0.23782062709086146
0.36020930995404044;0.10857514919369916
0.9035777624259069;0.30278938430763175
0.6412848497666863;0.2174216398147124
0.5465481884888982;0.2492735077369913
1.0872007185763235;0.2767655461344905
1.5022719309328223;0.9495490874785616
0.6522639346767581;0.11734228359800138
3.0474199148835757;0.8118548616415292
1.3823333309467265;0.4746029120788441
1.0180249646761195;0.3404365921815487
2.722066249765859;1.3505612899404544
0.4175163022732634;0.19797965384367455
0.7638825651842266;0.40025434239688773
0.8677179056050601;0.2366386196130452
2.0023446355111507;1.34909971560286
0.8395918464693493;0.11630833737178692
1.590975483522212;0.27792533679256815
0.23637808909896302;0.053392162289260435
1.0472726399997856;0.21763347515463363
2.2685093668364162;1.0875850672823013
2.413586622547103;1.420207910646063
1.142160035343983;0.2621853231266646
0.6902435387197479;0.4156281478144114
0.7313116444090451;0.10761977862706486
1.172180794186907;0.19126657768504346
0.5787117348876682;0.29743567019324485
0.4040909373098348;0.21927195074623518
1.416315074401577;0.7024892454855444
1.8675128534556802;0.6294479725742426
0.4752303983230256;0.2009270875460506
0.454553634250248;0.0951340190988044
0.2112652851316808;0.08243280474562104
1.3357422290854715;0.6869942790429743
0.3910202405564248;0.13757399999707745
1.2179992975501555;0.6113697548679724
0.8788211023397118;0.22916904259173643
1.3200383734806385;0.35013352101532924
0.9759675821983287;0.22742692562216738
0.6027312164590657;0.3415310098743229
0.7130092203327887;0.3672398994123961
0.262155651812805;0.07546285326306756
0.386318313997568;0.11722259283122938
0.6589143142740125;0.09158905199208191
1.2667888227621327;0.40537108249717213
0.9714552345914846;0.6060290712373487
0.5046785343276632;0.19762171689589617
1.5222791915457907;0.4813356905390383
0.4480755790142254;0.2567286495330554
0.168462805886678;0.061899604463901685
0.853407496750133;0.20565651579920866
0.4929195065608612;0.24864588886968797
1.217231710065746;0.584686616924337
0.4440390051403632;0.1812351177723465
1.6935836311033419;0.3573618620653527
1.4387382173371355;0.38768971094621174
1.2326672924241229;0.517456624450574
1.1522165060045988;0.15164613839645577
0.6792204143659142;0.2837513008051147
1.0698808877356858;0.19673313411294677
1.5889784656024042;0.6260510201667544
0.19785770085598559;0.04895122278333116
1.65957294007652;0.3712753352510432
0.351813612354891;0.19971450163121043
1.166795302063503;0.12738127445798963
0.4265368971265747;0.34658346381446503
0.9911460332453756;0.5085281120862033
0.7592078430754032;0.27065164513225
0.5025668375493648;0.17824206516877641
0.5397484082617449;0.17040221764669838
0.37160611359065837;0.1918411330816374
1.3144570161476707;0.5076131466975258
0.6140248618645574;0.12138230106655379
0.40301936807855077;0.24010716139583518
1.2302788981242396;0.540511887778804
1.1872526529340488;0.545471869211478
0.451817144262255;0.1958430140462016
1.1299048926261253;0.25677579251078375
2.333816947316242;0.7599826329722927
0.9129886713600387;0.08851606615881341
1.373536313279514;0.4951561512316345
1.1016229564590236;0.4193892867044639
1.7071851967645366;0.9288025354982754
0.140319915228121;0.03213140816044234
1.77881812746026;0.41054960409038144
0.5169692348779948;0.25843357016777174
0.9919169911652294;0.33083268375074526
1.2951696111456765;0.5234976393115434
0.7405017221767972;0.2293363456872863
1.6668453640081524;0.554098468220706
0.707993031083267;0.4773195888893843
2.77728887450851;1.448423886688991
1.9985345076153123;1.0165821481173174
0.5717522568888603;0.25780368644085466
0.425399469933929;0.07263013823428982
0.7576521618487195;0.20657249005122108
0.5172047169040378;0.16205478336727383
0.77000523627277;0.3526337024626475
0.2988914998536486;0.07404367167581735
0.7227492526725844;0.28220962733617255
0.6781669926299014;0.18784558048385105
1.1980912708184865;0.5576338070710429
0.3349414028552298;0.12193865938811434
0.1814924425417206;0.06987640016658175
1.6812347919476562;0.37810007451033883
1.3802366795687258;0.22491038742819439
0.6850176363056223;0.2711431502919799
2.0909585640525137;0.8372745866294089
1.9613437795616904;0.7676981883361814
0.7612857556927506;0.36098019915131024
0.5458465735049158;0.3414951042005468
2.038122737574294;0.9519778929064756
0.1355196204446562;0.053618303540268634
0.9267201583049346;0.6360347051783213
0.6922995351011619;0.2916463606814165
0.8924761038869168;0.4669386147994481
1.1400794036431992;0.24191027549189986
0.3937143459843492;0.16081137946711418
1.0134110167032904;0.3061937903099966
0.9591327399935402;0.38632149185941506
1.0454980961317626;0.1094206058512714
0.813520800876909;0.30012114644022403
0.7510618307268723;0.2904071803953937
0.5259789879999488;0.2873006442431859
0.7435503557061242;0.2657689457579566
1.1542394023695708;0.4141479687473278
1.3959400075500645;0.4718526627254719
1.706851853502658;0.7397168189209581
3.271018965386868;1.6985478091827189
0.09594312107745281;0.026434438104813756
1.5031418708231155;0.4592711379766738
0.41251849367327137;0.12515710278499975
0.3544228951052105;0.1988397279852322
3.846591831202803;1.825842866219286
1.8924591433548479;0.9083907489250621
0.7727482378580879;0.2724488555439732
0.6839470107128014;0.3451031650637608
1.1124934991652249;0.3423212443233921
1.4549997876284235;0.2866798214057759
0.5238376798360969;0.21264275013255168
0.753677528009176;0.1800062492636812
0.5082519548242116;0.18194893903886192
0.6001312115474579;0.179951957273547
0.5957974562155447;0.27211472059976055
1.2755809505253544;0.48655082022008667
0.6066359674108023;0.16804333680202727
0.615811128015505;0.19040845730237754
1.150871102621466;0.3172681849017538
2.0865351634334806;1.5835992017412799
2.045774941161581;1.020569740936566
0.7801638834285318;0.15252845961889397
1.1056946098719904;0.4891965695914319
1.1238844129924817;0.17461580178364958
0.8941217306741989;0.5509271210751722
0.4051135647767438;0.10129474632911176
0.29994241354738344;0.15601851991148447
0.865146153395251;0.5669699685745279
0.6134776689082345;0.2977660218206863
1.01210189661325;0.6156264458840799
1.0066096681170595;0.5625487925978157
1.0808653094219776;0.5902225841901807
3.4368687251735337;2.0194235068266537
0.2661580542786718;0.1790882747211319
2.967889457781203;1.129713792246163
0.9576367262215812;0.31805930672064187
2.0860765898794957;0.8151424667852475
1.9971705744026598;1.1420185133088474
2.691135182669978;1.0941152556270357
1.0712169571231143;0.36123767352242564
0.1300754877299422;0.04017423915667447
1.2913413859337814;0.43683683564302656
1.1297921985690471;0.3357535317052089
0.5583702983075108;0.26928000291143483
1.4945667715592186;0.5978737988497672
0.7368294169390641;0.30269391195271966
0.6014494263562005;0.26825552657083646
0.9802432257582716;0.5964815373127806
1.2608766301941725;0.28445443120153246
1.151914028161007;0.2629560072062983
3.4206573698512814;2.1694704842615713
0.3745329034477011;0.13423662032036854
0.9335432854219278;0.4685046000239806
0.5589962616893982;0.13015754844525138
1.1404284364139279;0.23902932334440116
0.9315130562786782;0.10880590049421653
2.4357072403392577;1.2972870651320418
1.5355633010011869;0.761700865575416
0.5005595745425798;0.23500509427191532
1.756463119014007;0.8234615895981918
0.7115189902955872;0.2814211975824639
0.6989601786348836;0.3104573959220368
0.9500964002733715;0.05171881850527351
0.520327680728643;0.2407998228146182
0.3819670214103018;0.24816384618824314
0.5021681939167515;0.16725456949927497
1.2786589303443514;0.8423749959790099
1.5007604218183004;0.8091914101766978
1.0524842757755837;0.21399841411830112
2.654040419108933;1.2428957614120695
2.1534266685322865;1.25990985759059
0.42190640384923583;0.10424222940346939
1.4008640284093936;0.5677813240223767
0.1104649090138194;0.027007181944227743
0.6675225665843422;0.19625577978916386
0.34611668372594;0.1705666240697681
1.813235797249596;0.7849649097715251
1.056916974188995;0.34622513726068466
1.0843325483080208;0.27324417776017373
1.5903289881962062;0.5445044364399851
1.1102039991674029;0.13558509590919465
0.381841438836231;0.10074929075421332
0.8396327027519901;0.19685606028108144
0.43658121006779577;0.18979854323924394
0.5130190967694555;0.2880334500537248
1.1487211553709904;0.5805200850988189
0.5249051796742099;0.2609208737360533
1.0684346061271826;0.46735695397614097
0.8731987704668738;0.3314578061460283
0.6277081123326991;0.15111587511482666
1.3973288335416651;0.42015169040846273
1.0992034927771732;0.6282531587397466
1.0551263157237734;0.2751645178201087
1.215106366520771;0.34972933254259875
2.4725352199033503;1.2476426773469638
1.0538292433288183;0.5783409702805178
2.15753207698301;0.8741534332080291
1.4317594608410245;0.44885480535716393
1.2391431373129536;0.2972738085506493
0.6872474895939271;0.3577276143196788
0.9036796069756663;0.5758423933128789
1.4974155059374665;0.46393232542909474
0.5675134078242774;0.3013644669493646
5.261661370201502;1.8214971691795874
0.6865250580242642;0.31140301653127817
0.6883072818839944;0.32373300373219166
0.6929144879609818;0.25570114660237747
0.46612705632711576;0.33468074542736614
0.9650765406789246;0.3120713710534788
1.4425912820221338;0.2082143823892576
0.315721244652902;0.09235144652263115
3.0806036186609083;1.0995365208547303
1.1330722518034304;0.326787848906761
1.2611496335281216;0.40321884362202365
0.524140240726328;0.2247079661501719
0.730684055884865;0.245348691611841
1.3114623916195103;0.33146183395322515
1.3171814877202412;0.30295483889036845
1.0528890865384448;0.3598740938831754
0.6471794511175977;0.3626222139515525
0.7427111777007336;0.3871775413403875
1.4270205830076423;0.3447464686875419
2.688076216650362;1.3896346273314726
0.649948515429406;0.27290439588088566
0.8457990898786889;0.4840741322983282
1.314291828713659;0.35453153170981166
0.75737543744346;0.36145768045143173
1.0380069997773627;0.11620106029291787
0.6147979571370004;0.17488890159232764
0.6829957211348334;0.2067463443727856
0.9549638779654025;0.0585797727998313
2.652960851985386;1.167351644464068
0.6711504119506462;0.08799569613610655
0.47201826691596577;0.283623238994353
0.2241630637338464;0.09898387170370468
1.3893961646678787;0.4437819144649642
2.1745250236470546;1.3533217272817157
1.712855144826322;0.3450299129669748
0.13528578830829763;0.0389164166105068
1.2329044691149558;0.17738864686435366
0.3155055910330714;0.1554356781014971
1.0549177719415197;0.5412770773291046
0.343807931866633;0.1509263926077499
0.9149409515206013;0.6509481816785235
2.307841019635186;0.9325763390142524
1.4140522583154307;0.4707292881827403
0.5177341332147607;0.21665253588259809
0.7937487256244771;0.38210078587921903
1.1102490896888844;0.5637832126314204
1.7022976003199362;0.3589121535208721
0.920604974710745;0.5003146635246944
0.2538962639780768;0.05274974064367335
1.4797305392593958;0.11178708862429511
1.563006136781074;0.28917350221745763
2.0051722040395004;0.5951970498476693
2.154921473784228;0.8157121611350534
0.5258708638627791;0.1591629559294958
0.6841815967571572;0.13500973542240108
1.4010637728626756;0.22728921305640956
0.32041136890910876;0.12964630605532484
0.2444569517747066;0.09720528138439101
1.558728900781968;0.6409663016626045
1.1237917782074132;0.19980146954770658
0.4618278567261728;0.19148571422356692
0.6539238329708319;0.121655836985882
0.5535998243589788;0.1630561206140635
0.6874870023040837;0.25493658361040483
1.14466096305952;0.5688491800536047
1.5068835668701646;0.44675846930601304
0.5459835510340474;0.29324950468884436
0.2938197977020736;0.12051171925714388
0.55893842003795;0.1117828010271715
0.9636122735987322;0.1455225143057983
4.462159386928826;1.6865166579796855
1.363042418667006;0.38807561494430654
2.338289507607602;0.64144516726857
0.5394568548780085;0.21370575969104583
0.786783813890384;0.1771491072517739
1.2496980646310463;0.36481435725231526
1.0564637669236223;0.29546352596818154
1.0545528124046686;0.48232640799504384
1.889033500389068;0.7534292696781973
1.51993551112269;0.29839766759846886
1.4156271608326827;0.5596135823162286
0.6022881390255914;0.18687939851436197
1.2648721159839502;0.4157662566951389
1.532408842447646;0.2779907077372603
0.6226156962058349;0.10529044989040424
0.8106251707444603;0.44329215711031533
0.8141787366806129;0.3611558344221496
1.4180227938515906;0.34663933434815136
0.9879828346963958;0.34990565063352647
1.1473280263818728;0.5064369495590487
1.505484085831498;0.3693369671561455
1.1709534580437875;0.20978245182878918
0.3707582639901386;0.12479684163879562
1.571564935530208;0.42092153830843326
1.0315213533448335;0.633485039755202
0.5294062140698034;0.16823819573532475
1.2143596727358106;0.507783319175587
0.7115565869150038;0.14038299618497546
1.1327973165278424;0.16548725530179814
0.6447193711917489;0.33278015627455193
1.2046682045969896;0.5173568563700172
2.334447223861988;0.5853743460411112
3.38037151831914;2.0222081233485265
0.6571806061499432;0.17020849244498115
0.5315478480059541;0.33843348723233596
1.1896573798150354;0.32099395111376167
2.197433221326617;1.563603273151513
0.29082342899187896;0.08828350440147749
2.392487596097574;1.3376549325290363
0.44654891947621406;0.26856674126672064
1.1526760615579252;0.6737187210634035
0.6385736165679557;0.24431439626702606
0.4840231946552656;0.2633281584557771
1.4712626225427576;0.37997893034825375
1.5435000271791879;0.46680246796460484
0.36981147726958036;0.20645258845480874
0.46631123015755416;0.2457465617845923
2.7822120818862204;1.328999999776655
1.475302210637459;0.4624156801928575
0.7561890507867878;0.1773690995359031
1.8966742722349301;0.6755464536522207
0.7218453854544166;0.3748093588721665
1.80274251587297;0.4324353055244183
0.7373950854251066;0.21429609420355697
1.033713116987548;0.23896033095032157
1.1597101374534566;0.6677447274877452
0.44518666200427204;0.2694558813117545
1.3482358500561293;0.8786317070442086
0.6682360432518243;0.2673766940089339
3.229319894165381;1.770075299852433
0.948482707963576;0.2525042944072106
1.3389886172688805;0.37805956518036565
1.1424121420569704;0.34058893652143524
0.9645158107102766;0.5525637962171412
0.4203292056993866;0.18905291543936203
1.9529351077636339;0.2322880557933319
0.3962377248460766;0.12874027889050355
1.0929873620445834;0.22153788030678362
0.38307678174944765;0.20669713903314169
0.9620549221649034;0.35914916224082216
1.9460739625201782;0.7847850880343061
0.699659325219478;0.4057310816703892
1.0411215206575126;0.46031528893117046
3.6172256711829585;1.5292611633514381
0.5974135443900673;0.2995113369795806
1.419071667646207;0.4285180440586029
0.9158234633771702;0.461219450942655
0.715769516397;0.1975455881481659
0.5809107157174308;0.18311386721016557
1.1602445055481645;0.6375522263668217
2.065113882230282;0.7792057362595431
0.45557240126355925;0.18501552693478118
0.6115329454386985;0.1816108659829305
2.968151524818432;1.1668997445016533
0.5942982392187551;0.25401580435375937
1.2445406736963633;0.43913545235542717
1.1768113136706257;0.2407492430243895
1.2701685059190724;0.3494244933763431
2.20080728166847;0.48081452032466127
0.7782053085357399;0.24043446459855933
0.50074263516135;0.19659651403742404
1.380754060145637;0.37024061823540844
1.574558049756981;0.6319408880152422
0.2653169455157982;0.05028709995781225
0.46949238454674463;0.19926723978770772
0.8846805102709479;0.27691397354907116
1.942966452947117;0.9499629859747715
0.5781229772328599;0.12988697084548004
0.49525116192477564;0.0967503313284234
0.5645114610581792;0.2652776023978669
0.8002821999885003;0.2849814702424803
1.1605251311478482;0.15150539915881336
1.1129668100249384;0.21151213152657072
0.5675143626584642;0.22423427966383108
1.220138616343505;0.3358111595932432
1.1459259849111199;0.480393431580284
0.9290574855734413;0.39220584455099256
1.926781402626382;0.6782105709092904
0.4331029865135746;0.17392586660132628
1.330031582127867;0.5865660223218194
0.5184003234531105;0.29653110232100516
1.0803316887733208;0.12901025630617485
1.88970573549128;0.32760263315694627
0.13377457579789181;0.03999105987710394
0.7053465163688809;0.40624387730313527
3.0826304404399765;1.081142025671393
2.3614354684594128;1.4112304795113622
0.3719178350310734;0.1419577894509467
2.302786475098526;1.0004338239500412
0.5319674969992648;0.1742175196021831
1.25796963709815;0.22287053672288604
0.6765491916016653;0.278993220962685
0.15946487803819104;0.036739960156005495
3.143050804636398;1.0895006844763777
1.0472426805064539;0.6435654311145498
0.6028237162948049;0.1971540998115952
1.3758718000405117;0.3715140722143381
0.268353677335319;0.04962670511540607
0.6817191491348468;0.1672692610818273
0.5889172743652202;0.35398277352752744
1.0820969393620103;0.6253988150159628
1.010560281298042;0.4845861242986866
2.340787247954671;1.4668347363669791
0.755164277863869;0.265736925244388
0.3818800613078588;0.1635389518601179
1.08223331090645;0.16174195734089272
1.4379085903174174;0.5820304630269605
0.9235835901080947;0.2312432271073931
1.2174510744359268;0.25670418647696625
1.8561327360235165;0.9689697076079599
1.2983733313929526;0.3153018495466943
2.1865606510705486;1.3529989050956177
1.1258913501147523;0.28183774363413155
0.7275720599486005;0.19504500399177546
1.3056094788266885;0.5300098233032196
1.6687684166471954;0.7135999184422673
0.1876638949628562;0.06600751871847704
0.5532552305014502;0.10370045285719347
1.72772592064265;0.4447377757055404
4.219185813229268;1.2013933566675286
0.6456333205084303;0.14132480832910624
1.6320387536878331;0.7087691587964767
1.56072714090495;0.6906660927269141
1.540480761613891;0.4919842874498011
1.676344276560392;0.9752291599635532
0.8323887171819366;0.492397444660519
0.2345883733495806;0.09814236133901523
3.6931811385672555;2.101600178847321
1.3873447934520438;0.2135088665173058
0.8121645333591259;0.21172279223917426
0.5738145575785587;0.23109079062334598
1.7594914424386618;0.4473260868595974
0.9131475965521005;0.37721936709442655
0.3029274552977726;0.0745776697598955
1.9911307134700604;0.7580934585367523
1.765144208699627;0.8058486548317653
0.8131023591476637;0.25709266723986335
0.4440772528268743;0.20675774597759672
0.3822218647907694;0.16943835479568
1.4621837792632582;0.5203849533368721
0.5382640629998217;0.40081377032597726
0.2392984899637654;0.16698039615793733
2.188801839734198;0.8902732571386119
1.819607091983102;0.6612009382969735
0.7214180977321218;0.3886644751769397
0.402534994195637;0.15768694444347117
1.1026020241922274;0.37947903531973637
3.407037041090762;1.63893774763885
0.5521745328329782;0.34200386151428613
2.937559180737194;1.2531516850192663
1.608947895824367;0.8274451199459333
0.5435870087199023;0.21433430885173088
0.8471809127827268;0.3061518594041614
1.6678618551197335;1.1670018312910055
5.24241422506619;1.8295382534463873
0.6549782182056265;0.2623700167248208
1.3170110481196433;0.6690509002540838
0.5315798848530966;0.1765557023139401
0.49568966531727393;0.16771416665758673
0.1890267076673198;0.04338204453980495
0.6066668838515018;0.28080643161777347
0.8560646590820348;0.6124107277561042
1.26048724134438;0.9342962680049794
0.8729894380358042;0.2451123519489202
0.2148741865851528;0.10762188410991916
0.5747275645940514;0.1253700861281923
0.08201237299640621;0.021838376210203733
2.0258623552020882;0.9116532541350637
0.5731579723853912;0.24141034089505592
0.7405974873003947;0.10980555452408557
0.5319360677937962;0.28776986947919564
0.5487915689645322;0.3406515783516142
1.6301445089203301;0.5648399295702246
1.178578085754364;0.6277778618106766
0.6957974836128715;0.20352967301598662
0.6483743037085936;0.30497494043018736
1.8043357487438652;0.7949674734257446
0.9942610213625922;0.40127695099396854
1.0429257023585508;0.6373486450600886
0.5854808067769444;0.2238048813047166
1.4765481423073379;0.11117646085726832
1.2311625251993252;0.25387022382473085
1.4098552649831668;0.5593609780805627
1.5343269289818717;0.1757651984923764
0.6635586638760158;0.21292246381036634
0.5831231809453816;0.2414086946324421
